0 0 -50 0 -15.2154 -4.8359 -15.3333 3.65641 -9.28855 -15.1237 -10.8366 13.6947 -0.714504 -0.357252 0 -6.97072 0.48074 6.73035 13.6947 -20.1252 10.73 24 16.0763 0 
-54 0 -50 -0 -46.151 -1.92296 -46.0308 2.88444 -45.0693 -7.57165 -45.5501 7.9322 -39.7812 0 -36.2958 -15.9846 -37.0169 11.7781 -22 -28 -19.2916 26.4366 -16.4653 -0.841294 
36.26 0 -50 0 0 -7.38 0 7.38 4 -17.7 4 17.7 15.2427 0.476336 27.7466 -8.09771 28.1038 9.76489 35.9634 -16.1954 36.5588 16.9099 35.6061 0 
-41.78 0 -50 0 -42.9893 -0.714504 -42.906 4.20647 -42.3051 -7.69183 -42.906 9.01387 -36.6564 0.360555 -33.4114 -10.8166 -31.6086 10.9368 -15.4809 -29.4137 -17.5053 27.1511 -18.2681 -0.360555 
-26.95 0 -50 0 -30.9618 -1.90534 -30.2473 7.74046 -29.9021 -11.3246 -28.248 16.4144 -15.2692 -7.63458 -17.4323 -23.4127 -15.5237 9.1615 -4.76336 -27.7466 -5.34421 26.4666 -0.508972 0.508972 
-17.5 0 -50 0 -23.2214 -1.66718 -23.1957 3.72573 -22.8351 -8.89368 -22.9553 12.2589 -16.1048 1.20185 -11.8983 -4.68721 -10.9368 6.3698 1.20185 -15.3837 0.120185 18.5085 2.4037 0 
7.66667 0 -50 0 -5.89744 -5.30769 -6.01538 5.18974 -3.06667 -16.041 -2.94872 16.3949 6.24961 -0.360555 11.6579 -5.76888 11.7781 6.12943 21.7586 -22.522 22.7765 23.54 17.4339 0 
49.5 -20.51 -50 -0 3 -8.85 0 5 5 -20 12 15.5 21.04 -6.95 32.8 -18.96 35.1 0.46 45.46 -24.17 44.84 10.61 45.68 -10.85 
49.5 20.51 -50 0 0 -5 3 8.85 12 -15.5 5 20 21.04 6.95 35.1 -0.46 32.8 18.96 44.84 -10.61 45.46 24.17 45.68 10.85 
-54 -10 -50.5688 -6.44037 -48.1835 -5.9633 -48.0642 -1.07339 -49.496 -9.05541 -47.945 4.05505 -44.367 -2.62385 -43.7335 -9.46702 -31.3852 8.23219 -24.8073 -29.578 -18.82 25.56 -20.8716 -8.58716 
-54 10 -50.5688 6.44037 -48.0642 1.07339 -48.1835 5.9633 -47.945 -4.05505 -49.496 9.05541 -44.367 2.62385 -31.3852 -8.23219 -43.7335 9.46702 -18.82 -25.56 -24.8073 29.578 -20.8716 8.58716 
-6 0 -50 0 -9.67047 -0.254486 -13.9967 4.58075 -13.2333 -12.3426 -8.90701 12.3426 -5.08972 -9.92496 -0.508972 -21.3768 1.65416 11.7064 10.26 -24 10.73 24 4.8359 0 
-12 0 -50 0 -19.3498 -3.12481 -19.1094 3.00462 -17.9076 -11.1772 -17.547 11.057 -13.2203 0.120185 -6.97072 -6.85054 -7.57165 5.28814 1.92296 -21.5131 0.841294 22.2342 5.64869 0.360555 
35.78 -9.54 -50 0 1.68259 -7.9322 4.92758 6.85054 5 -20 12.2589 16.4653 16.5527 -2.2626 21.7924 -15.3618 26.4366 1.07176 35.7252 -17.029 35.1298 8.57405 33.9389 -8.57405 
35.78 9.54 -50 -0 4.92758 -7.33128 2.16333 8.65331 12 -15.5 5 20 16.5527 2.2626 26.4366 -1.07176 21.7924 15.3618 35.1298 -8.57405 35.7252 17.029 33.9389 8.57405 
54 -35 -50 0 -0.890701 -12.9788 6.36215 2.29038 8.3 -27.3 18.323 10.5612 20.16 -10.85 38.1069 -27.7466 38.3002 -4.19902 47.6336 -30.1282 47.2763 -2.38168 48.4672 -19.7679 
54 35 -50 -0 6.36215 -2.29038 -0.890701 12.9788 18.323 -10.5612 8.3 27.3 20.16 10.85 38.3002 4.19902 38.1069 27.7466 47.2763 2.38168 47.6336 30.1282 48.4672 19.7679 
-12 -35 -50 0 -17.5053 -22.2687 -18.01 -8.59 -13.4565 -32.3908 -18.72 4.06 -7.50229 -15.3618 -8.65331 -28.9646 -5.96 0.12 4.17 -31.84 0.95 18.25 5.47786 -7.14504 
-12 35 -50 -0 -18.01 8.59 -17.5053 22.2687 -18.72 -4.06 -13.4565 32.3908 -7.50229 15.3618 -5.96 -0.12 -7.57165 30.1664 0.95 -18.25 4.17 31.84 5.47786 7.14504 
-36.02 -35 -50 -0.01 -37.7912 -14.5057 -38.0457 -7.25285 -36.3206 -30.4855 -37.9184 1.27243 -30.5383 -19.3409 -26.0848 -24.6852 -20.156 0.59633 -12.7243 -32.3197 -7.44 19.44 -7.62 -11.95 
-36.02 35 -50 0.01 -38.0457 7.25285 -37.7912 14.5057 -37.9184 -1.27243 -36.3206 30.4855 -30.5383 19.3409 -20.156 -0.59633 -26.0848 24.6852 -7.44 -19.44 -12.7243 32.3197 -7.62 11.95 
-54 -35 -50 0 -46.8254 -11.9608 -46.5138 -4.65138 -50.7298 -32.1527 -45.56 4.77 -41.9902 -15.0147 -35.7553 -22.522 -23.7945 0.763458 -22.3948 -31.8108 -12.9788 19.4682 -16.9233 -13.106 
-54 35 -50 -0 -46.5138 4.65138 -46.8254 11.9608 -45.56 -4.77 -50.7298 32.1527 -41.9902 15.0147 -23.7945 -0.763458 -35.7553 22.522 -12.9788 -19.4682 -22.3948 31.8108 -16.9233 13.106 
-17.5 -11 -50 0 -26.5938 -10.1794 -26.4666 -3.94454 -26.721 -14.633 -26.2121 2.54486 -19.9772 -11.0701 -17.4323 -18.9592 -15.2692 -1.39967 -4.07178 -30.9201 -1.01794 17.6868 -3.81729 -10.6884 
-17.5 11 -50 -0 -26.4666 3.94454 -26.5938 10.1794 -26.2121 -2.54486 -26.721 14.633 -19.9772 11.0701 -15.2692 1.39967 -17.4323 18.9592 -1.01794 -17.6868 -4.07178 30.9201 -3.81729 10.6884 
36.0824 -20.6015 -50 0 2.57071 -11.679 0 2.07657 4.57071 -22.2366 9.42429 13.345 17.5687 -12.2109 32.956 -16.0326 28.9073 -1.61981 38.9364 -20.7406 39.0636 2.16313 37.9184 -10.1794 
36.0824 20.6015 -50 -0 0 -2.07657 2.57071 11.679 9.42429 -13.345 4.57071 22.2366 17.5687 12.2109 28.9073 1.61981 32.956 16.0326 39.0636 -2.16313 38.9364 20.7406 37.9184 10.1794 
-26.95 -11 -50 0 -30.2473 -11.0748 -29.6857 -2.28351 -29.8059 -18.0277 -26.9214 7.69183 -21.7535 -7.69183 -18.869 -29.8059 -12.4992 5.04777 -4.64427 -30.0092 -3.72573 23.5562 -6.61017 -10.9368 
-26.95 11 -50 -0 -29.6857 2.28351 -30.2473 11.0748 -26.9214 -7.69183 -29.8059 18.0277 -21.7535 7.69183 -12.4992 -5.04777 -18.869 29.8059 -3.72573 -23.5562 -4.64427 30.0092 -6.61017 10.9368 
-48.97 -17.73 -50 -7 -47.24 -6.8 -46.76 -0.19 -46.6809 -16.7908 -46.57 4.31 -40.6225 -8.41294 -37.1371 -28.1233 -35.3344 4.20647 -18.6962 -31.9145 -20.4824 23.1023 -17.6244 -9.16947 
-48.97 17.73 -50 7 -46.76 0.19 -47.24 6.8 -46.57 -4.31 -46.6809 16.7908 -40.6225 8.41294 -35.3344 -4.20647 -37.1371 28.1233 -20.4824 -23.1023 -18.6962 31.9145 -17.6244 9.16947 
-26.9541 -31.6055 -50.0019 -0.0216974 -30.6514 -16.8165 -30.7706 -6.44037 -30.055 -29.1009 -30.2936 3.69725 -21.0324 -15.7442 -24.037 -26.0801 -15.2427 -1.07176 -4.96248 -32.0653 -7.85954 21.0779 -0.238168 -11.313 
-26.9541 31.6055 -50.0019 0.0216974 -30.7706 6.44037 -30.6514 16.8165 -30.2936 -3.69725 -30.055 29.1009 -21.0324 15.7442 -15.2427 1.07176 -24.037 26.0801 -7.85954 -21.0779 -4.96248 32.0653 -0.238168 11.313 
15.14 0 -50 0 0.127243 -4.07178 0.254486 4.45351 0 -16.13 0 16.13 13.3405 0.24037 17.0663 -7.45146 18.1479 6.85054 22.626 -28.9374 24.4122 28.342 22.5948 0.120185 
23.26 -21.95 -50 0 2 -15.44 4.44684 -1.20185 4 -25.21 7.81202 9.97535 13.8137 -12.6229 20.3112 -21.6333 20.2443 1.30992 28.5802 -31.0809 27.6275 19.2916 28.2229 -12.1466 
23.26 21.95 -50 -0 4.44684 1.20185 2 15.44 7.81202 -9.97535 4 25.21 13.8137 12.6229 20.2443 -1.30992 20.3112 21.6333 27.6275 -19.2916 28.5802 31.0809 28.2229 12.1466 
0 -11 -50 0 -10.8366 -11.1939 -10.4561 -3.84592 -9.6458 -21.6733 -9.54323 9.1615 -1.32203 -11.1772 1.44222 -16.3451 2.16333 0.961479 14.124 -27.9935 14.5057 16.9233 12.7243 -8.90701 
0 11 -50 -0 -10.4561 3.84592 -10.8366 11.1939 -9.54323 -9.1615 -9.6458 21.6733 -1.32203 11.1772 2.16333 -0.961479 1.44222 16.3451 14.5057 -16.9233 14.124 27.9935 12.7243 8.90701 
0 -35 -50 0 -7.81202 -20.3112 -8.65331 -10.4561 -2.16333 -33.0508 -5.37 4.29 -0.48074 -16.4653 2.88444 -28.7242 5.49 -0.12 15.1433 -32.9307 14.8855 18.3389 14.8855 -12.5038 
0 35 -50 -0 -8.65331 10.4561 -7.81202 20.3112 -5.37 -4.29 -2.16333 33.0508 -0.48074 16.4653 5.49 0.12 2.88444 28.7242 14.8855 -18.3389 15.1433 32.9307 14.8855 12.5038 
22.745 -30.0092 -50 0 -0.961479 -16.5855 1.68259 -2.28351 1.84943 -27.7103 4.21037 8.37054 12.3847 -17.1481 21.0324 -29.5655 18.6156 0.378252 26.0801 -24.8783 27.0017 16.0903 27.7466 -9.16947 
22.745 30.0092 -50 -0 1.68259 2.28351 -0.961479 16.5855 4.21037 -8.37054 1.84943 27.7103 12.3847 17.1481 18.6156 -0.378252 21.0324 29.5655 27.0017 -16.0903 26.0801 24.8783 27.7466 9.16947 
-12 -19 -50 0 -14.0616 -18.5085 -18.1008 -7.14504 -16.9461 -24.2773 -17.4268 3.60555 -8.29276 -12.7396 -5.88906 -20.6718 -1.52692 3.94454 3.45344 -30.4855 3.33435 25.1267 2.38168 -8.09771 
-12 19 -50 -0 -18.1008 7.14504 -14.0616 18.5085 -17.4268 -3.60555 -16.9461 24.2773 -8.29276 12.7396 -1.52692 -3.94454 -5.88906 20.6718 3.33435 -25.1267 3.45344 30.4855 2.38168 8.09771 
-42.1009 -28.0275 -50.0039 -0.0445677 -42.1557 -14.6473 -41.863 -6.87113 -42.9893 -26.0794 -40.7178 1.52692 -35.2142 -15.5039 -37.2573 -22.8351 -22.0305 1.19084 -18.9892 -32.3297 -12.7615 21.7064 -10.3603 -13.9328 
-42.1009 28.0275 -50.0039 0.0445677 -41.863 6.87113 -42.1557 14.6473 -40.7178 -1.52692 -42.9893 26.0794 -35.2142 15.5039 -22.0305 -1.19084 -37.2573 22.8351 -12.7615 -21.7064 -18.9892 32.3297 -10.3603 13.9328 
