Formation NGNet
player 1 0 
Role Goalie
44 0 0 -39.5161 23.8204 4.90147 44.4258 10.406 -47.3298 -33.7339 4.90147 47.761 15.609 -49.5175 2.32037 4.90147 51.2297 15.4756 -48.317 -7.66482 4.90147 45.3546 4.85942 -47.4391 29.2541 4.90147 47.2236 -4.73482 -60.1159 12.5656 4.90147 47.2691 8.80631 -52.0454 13.6467 4.90147 -0.556452 -15.5806 -49.6283 -1.24651 4.90147 -0.556452 15.5806 -49.6443 1.47001 4.90147 -1.7638 -25.6339 -49.7411 -4.21549 4.90147 4.11182 -5.73163 -49.6096 -1.55418 4.90147 4.11182 5.73163 -49.5119 -3.0487 4.90147 8.22222 10 -49.6302 4.42494 4.90147 0 0 -59.1416 -25.4629 4.90147 9.33875 -0.400232 -49.1345 7.0514 4.90147 48.8283 -30.9513 -49.4357 0.997223 4.90147 35.3538 -30.8179 -49.471 -0.139007 4.90147 34.7232 32.9922 -49.3628 -1.79079 4.90147 -1.29346 -32.3364 -49.8318 -4.84639 4.90147 16.5798 -26.3395 -49.5526 -5.5769 4.90147 9.73898 -32.2854 -49.5724 3.13808 4.90147 10.1392 -24.1473 -49.4901 7.98412 4.90147 22.2946 32.4973 -49.5807 3.21848 4.90147 22.2946 -32.4973 -49.7706 -15.1822 4.90147 27.9962 0.449136 -49.4317 -12.1167 4.90147 -1.7638 30.9254 -49.6729 1.3036 4.90147 47.761 21.0789 -49.4118 -4.72493 4.90147 49.8952 -17.0645 -48.6356 -2.47595 4.90147 27.4516 -15.2097 -49.2105 2.10732 4.90147 26.2819 -31.8852 -49.2995 14.925 4.90147 46.1022 0.249201 2.76753 -4.56052 4.90147 42.9872 -3.61342 -33.9917 46.622 4.90147 49.0951 -11.3399 -47.2767 2.32603 4.90147 37.6858 3.49662 -45.4404 5.00038 4.90147 36.7793 14.7635 -49.9964 5.64253 4.90147 36.7793 -14.7635 -49.7046 -2.17679 4.90147 0.629792 31.9934 -49.9291 7.60303 4.90147 17.9919 1.1129 -48.6558 -3.36342 4.90147 29.4919 -3.89516 -49.4255 11.9207 4.90147 13.1694 -21.3306 -49.482 -2.46878 4.90147 44.7016 0.185484 -106.034 -68.9497 4.90147 28.6205 12.3029 -49.3916 -0.295123 4.90147 37.0383 21.1092 -48.7929 -1.00163 4.90147 9.73898 32.2854 -49.5036 -3.85418 4.90147 
player 2 -1 
Role CenterBack
44 0 0 12.7042 -39.3018 4.90147 44.4258 10.406 -0.331572 2.81251 4.90147 47.761 15.609 -21.3656 -10.8008 4.90147 51.2297 15.4756 22.1905 1.53838 4.90147 45.3546 4.85942 -3.44345 -7.05575 4.90147 47.2236 -4.73482 18.3762 -2.17023 4.90147 47.2691 8.80631 12.8938 -9.32323 4.90147 -0.556452 -15.5806 -13.9366 -14.5989 4.90147 -0.556452 15.5806 -14.3061 4.03177 4.90147 -1.7638 -25.6339 -18.9963 -15.7843 4.90147 4.11182 -5.73163 -11.0036 -11.2491 4.90147 4.11182 5.73163 -10.6257 1.82159 4.90147 8.22222 10 -11.6103 -1.82974 4.90147 0 0 -44.3904 30.5446 4.90147 9.33875 -0.400232 -9.02013 -8.37801 4.90147 48.8283 -30.9513 0.230433 -16.9038 4.90147 35.3538 -30.8179 -1.72297 -17.6692 4.90147 34.7232 32.9922 2.65866 -0.205676 4.90147 -1.29346 -32.3364 -10.9 -19.2847 4.90147 16.5798 -26.3395 -1.82855 -19.6046 4.90147 9.73898 -32.2854 -7.9603 -20.224 4.90147 10.1392 -24.1473 -21.0513 -15.8645 4.90147 22.2946 32.4973 -1.82808 0.549874 4.90147 22.2946 -32.4973 -1.81036 -12.5471 4.90147 27.9962 0.449136 -0.0747489 -6.30941 4.90147 -1.7638 30.9254 0.0339049 -10.4591 4.90147 47.761 21.0789 11.1123 2.16069 4.90147 49.8952 -17.0645 4.92625 -10.5328 4.90147 27.4516 -15.2097 -2.42525 -11.7869 4.90147 26.2819 -31.8852 -2.19891 -22.1448 4.90147 46.1022 0.249201 -55.9143 -9.4269 4.90147 42.9872 -3.61342 -20.5863 -13.3684 4.90147 49.0951 -11.3399 -3.28443 -12.0986 4.90147 37.6858 3.49662 0.302147 0.600888 4.90147 36.7793 14.7635 5.31143 -5.59222 4.90147 36.7793 -14.7635 4.33836 -9.7258 4.90147 0.629792 31.9934 -26.0978 22.0974 4.90147 17.9919 1.1129 -1.45167 -3.85768 4.90147 29.4919 -3.89516 -0.00966073 -8.47173 4.90147 13.1694 -21.3306 5.48516 -11.5807 4.90147 44.7016 0.185484 72.9033 -0.896525 4.90147 28.6205 12.3029 -1.4055 -4.01028 4.90147 37.0383 21.1092 1.77183 -1.75987 4.90147 9.73898 32.2854 -4.79327 2.47424 4.90147 
player 3 2 
Role CenterBack
44 0 0 -68.6571 52.9107 4.90147 44.4258 10.406 -3.13594 21.7244 4.90147 47.761 15.609 -12.8754 4.68348 4.90147 51.2297 15.4756 20.0945 16.9325 4.90147 45.3546 4.85942 7.36394 10.0535 4.90147 47.2236 -4.73482 4.7635 -2.24955 4.90147 47.2691 8.80631 2.73624 -3.15351 4.90147 -0.556452 -15.5806 -13.5905 -3.31912 4.90147 -0.556452 15.5806 -14.7831 15.2823 4.90147 -1.7638 -25.6339 -19.0492 -4.73156 4.90147 4.11182 -5.73163 -10.4215 -2.32145 4.90147 4.11182 5.73163 -11.4924 10.4451 4.90147 8.22222 10 -10.7358 9.53935 4.90147 0 0 37.1302 -42.5019 4.90147 9.33875 -0.400232 -9.53807 6.82094 4.90147 48.8283 -30.9513 4.36461 -0.659385 4.90147 35.3538 -30.8179 1.01015 -0.689085 4.90147 34.7232 32.9922 -1.10485 19.0451 4.90147 -1.29346 -32.3364 -12.2655 -0.926227 4.90147 16.5798 -26.3395 -1.70591 -3.17993 4.90147 9.73898 -32.2854 -7.75951 -6.16311 4.90147 10.1392 -24.1473 -8.54455 -3.54055 4.90147 22.2946 32.4973 -1.96468 16.7222 4.90147 22.2946 -32.4973 -1.28359 6.86249 4.90147 27.9962 0.449136 -1.1276 10.5262 4.90147 -1.7638 30.9254 -7.6924 26.4453 4.90147 47.761 21.0789 8.09372 17.5918 4.90147 49.8952 -17.0645 4.71813 -0.186106 4.90147 27.4516 -15.2097 -0.485851 1.54639 4.90147 26.2819 -31.8852 -2.03726 -9.92372 4.90147 46.1022 0.249201 6.11411 16.5255 4.90147 42.9872 -3.61342 2.49913 7.54523 4.90147 49.0951 -11.3399 4.63205 7.9643 4.90147 37.6858 3.49662 4.49275 0.27854 4.90147 36.7793 14.7635 5.54657 7.90914 4.90147 36.7793 -14.7635 2.89831 4.12134 4.90147 0.629792 31.9934 -19.9169 8.0784 4.90147 17.9919 1.1129 -1.45428 5.06487 4.90147 29.4919 -3.89516 0.724189 2.03508 4.90147 13.1694 -21.3306 -7.57504 2.55771 4.90147 44.7016 0.185484 -3.10106 -1.53468 4.90147 28.6205 12.3029 -1.24939 10.1013 4.90147 37.0383 21.1092 2.46107 12.8912 4.90147 9.73898 32.2854 -7.30334 20.3953 4.90147 
player 4 -1 
Role SideBack
44 0 0 -10.923 26.8544 4.90147 44.4258 10.406 -64.0672 -14.0129 4.90147 47.761 15.609 14.269 -33.7295 4.90147 51.2297 15.4756 9.38051 -1.29053 4.90147 45.3546 4.85942 -1.36897 -22.3955 4.90147 47.2236 -4.73482 21.5555 -15.352 4.90147 47.2691 8.80631 79.8481 -11.5092 4.90147 -0.556452 -15.5806 -10.4991 -23.9813 4.90147 -0.556452 15.5806 -12.1641 -10.3417 4.90147 -1.7638 -25.6339 -14.151 -23.2857 4.90147 4.11182 -5.73163 -5.3797 -22.4646 4.90147 4.11182 5.73163 -4.61869 -14.1426 4.90147 8.22222 10 -5.69499 -13.2947 4.90147 0 0 -16.3766 -55.7443 4.90147 9.33875 -0.400232 -4.59335 -18.296 4.90147 48.8283 -30.9513 2.47342 -27.5368 4.90147 35.3538 -30.8179 1.4292 -28.5094 4.90147 34.7232 32.9922 11.4699 -8.33668 4.90147 -1.29346 -32.3364 -13.2986 -32.0889 4.90147 16.5798 -26.3395 7.61409 -28.9242 4.90147 9.73898 -32.2854 -6.24487 -27.3693 4.90147 10.1392 -24.1473 -17.7627 -21.8901 4.90147 22.2946 32.4973 7.09625 -8.21626 4.90147 22.2946 -32.4973 -12.5395 -33.5172 4.90147 27.9962 0.449136 4.06443 -17.238 4.90147 -1.7638 30.9254 -31.6288 -26.8777 4.90147 47.761 21.0789 21.9652 -2.2627 4.90147 49.8952 -17.0645 7.55317 -23.2054 4.90147 27.4516 -15.2097 2.36532 -23.9988 4.90147 26.2819 -31.8852 11.0178 -21.804 4.90147 46.1022 0.249201 -56.8467 -35.0026 4.90147 42.9872 -3.61342 -12.6179 -30.1548 4.90147 49.0951 -11.3399 -6.39451 -24.3058 4.90147 37.6858 3.49662 2.08205 -16.6948 4.90147 36.7793 14.7635 23.6761 -15.3962 4.90147 36.7793 -14.7635 6.64865 -22.9008 4.90147 0.629792 31.9934 13.1495 11.3526 4.90147 17.9919 1.1129 2.26531 -18.5667 4.90147 29.4919 -3.89516 7.419 -22.8559 4.90147 13.1694 -21.3306 3.31254 -24.7886 4.90147 44.7016 0.185484 81.5653 2.02909 4.90147 28.6205 12.3029 2.85788 -15.602 4.90147 37.0383 21.1092 8.77414 -10.741 4.90147 9.73898 32.2854 -2.1448 -8.47027 4.90147 
player 5 4 
Role SideBack
44 0 0 -2.59013 51.6952 4.90147 44.4258 10.406 -10.0718 -4.12198 4.90147 47.761 15.609 -19.1967 32.0924 4.90147 51.2297 15.4756 23.5075 16.7547 4.90147 45.3546 4.85942 -5.49124 21.9688 4.90147 47.2236 -4.73482 22.3402 25.7494 4.90147 47.2691 8.80631 23.6307 39.2341 4.90147 -0.556452 -15.5806 -11.7788 10.7557 4.90147 -0.556452 15.5806 -10.9735 24.5063 4.90147 -1.7638 -25.6339 -12.5888 12.2902 4.90147 4.11182 -5.73163 -5.2866 12.0899 4.90147 4.11182 5.73163 -6.06329 21.5536 4.90147 8.22222 10 -9.02531 18.1007 4.90147 0 0 -22.7438 -17.4316 4.90147 9.33875 -0.400232 -2.20168 16.2051 4.90147 48.8283 -30.9513 17.1252 8.80072 4.90147 35.3538 -30.8179 12.4771 8.59577 4.90147 34.7232 32.9922 2.60406 27.9542 4.90147 -1.29346 -32.3364 -9.49096 7.51604 4.90147 16.5798 -26.3395 6.95297 12.3893 4.90147 9.73898 -32.2854 -2.78296 6.37602 4.90147 10.1392 -24.1473 3.69839 -2.1375 4.90147 22.2946 32.4973 -1.59944 28.6728 4.90147 22.2946 -32.4973 6.76295 8.74403 4.90147 27.9962 0.449136 5.30163 22.3524 4.90147 -1.7638 30.9254 -25.4259 31.2376 4.90147 47.761 21.0789 12.3491 24.5957 4.90147 49.8952 -17.0645 16.4893 12.2912 4.90147 27.4516 -15.2097 4.3848 14.5008 4.90147 26.2819 -31.8852 7.81055 6.12543 4.90147 46.1022 0.249201 -68.1223 -30.8057 4.90147 42.9872 -3.61342 -21.2366 3.505 4.90147 49.0951 -11.3399 11.244 12.1241 4.90147 37.6858 3.49662 1.7283 11.3608 4.90147 36.7793 14.7635 11.697 27.5272 4.90147 36.7793 -14.7635 11.676 15.104 4.90147 0.629792 31.9934 -2.17272 24.232 4.90147 17.9919 1.1129 3.30317 19.9442 4.90147 29.4919 -3.89516 5.67162 16.1409 4.90147 13.1694 -21.3306 -8.06863 23.0362 4.90147 44.7016 0.185484 105.683 74.9789 4.90147 28.6205 12.3029 1.36697 21.3148 4.90147 37.0383 21.1092 2.91222 25.076 4.90147 9.73898 32.2854 -6.51733 27.0361 4.90147 
player 6 0 
Role DefensiveHalf
44 0 0 -6.44156 22.1101 4.90147 44.4258 10.406 31.6942 -27.6052 4.90147 47.761 15.609 -36.4999 55.4007 4.90147 51.2297 15.4756 54.6214 -10.6221 4.90147 45.3546 4.85942 -1.99399 89.9854 4.90147 47.2236 -4.73482 38.8894 74.2084 4.90147 47.2691 8.80631 45.0678 0.0953205 4.90147 -0.556452 -15.5806 -3.38639 -1.44967 4.90147 -0.556452 15.5806 -4.09968 0.379658 4.90147 -1.7638 -25.6339 -9.68956 3.82438 4.90147 4.11182 -5.73163 3.63281 -0.125471 4.90147 4.11182 5.73163 4.63322 -58.836 4.90147 8.22222 10 -3.812 46.2891 4.90147 0 0 -13.152 14.6617 4.90147 9.33875 -0.400232 -2.4484 19.6961 4.90147 48.8283 -30.9513 23.5227 0.756648 4.90147 35.3538 -30.8179 19.5981 -8.62099 4.90147 34.7232 32.9922 14.64 18.9794 4.90147 -1.29346 -32.3364 -6.88454 -13.6233 4.90147 16.5798 -26.3395 16.6007 9.1976 4.90147 9.73898 -32.2854 0.0793628 -5.56181 4.90147 10.1392 -24.1473 -4.03331 -4.53843 4.90147 22.2946 32.4973 10.7892 22.0883 4.90147 22.2946 -32.4973 -0.107218 -79.6447 4.90147 27.9962 0.449136 9.47936 26.0306 4.90147 -1.7638 30.9254 6.31413 58.9646 4.90147 47.761 21.0789 42.4299 4.04224 4.90147 49.8952 -17.0645 22.4756 12.3629 4.90147 27.4516 -15.2097 12.2949 6.15271 4.90147 26.2819 -31.8852 24.4511 48.5191 4.90147 46.1022 0.249201 8.94398 -237.627 4.90147 42.9872 -3.61342 -12.2794 -24.642 4.90147 49.0951 -11.3399 25.6003 -22.9248 4.90147 37.6858 3.49662 14.5703 -20.7794 4.90147 36.7793 14.7635 16.5947 20.6084 4.90147 36.7793 -14.7635 18.1441 -16.4934 4.90147 0.629792 31.9934 -18.2278 -17.3824 4.90147 17.9919 1.1129 8.20004 -4.65949 4.90147 29.4919 -3.89516 16.7073 -7.05331 4.90147 13.1694 -21.3306 7.19037 -3.63788 4.90147 44.7016 0.185484 65.2564 183.284 4.90147 28.6205 12.3029 11.5852 6.40752 4.90147 37.0383 21.1092 19.5939 8.60849 4.90147 9.73898 32.2854 3.85746 5.70351 4.90147 
player 7 -1 
Role OffensiveHalf
44 0 0 32.4378 20.6356 4.90147 44.4258 10.406 34.8914 -24.9317 4.90147 47.761 15.609 -31.3714 2.42328 4.90147 51.2297 15.4756 56.347 -7.90903 4.90147 45.3546 4.85942 9.36219 8.07989 4.90147 47.2236 -4.73482 40.95 39.2919 4.90147 47.2691 8.80631 32.8014 -2.65371 4.90147 -0.556452 -15.5806 -4.12651 -19.9309 4.90147 -0.556452 15.5806 -3.53375 20.7346 4.90147 -1.7638 -25.6339 -9.8523 -19.8589 4.90147 4.11182 -5.73163 4.35346 -7.46511 4.90147 4.11182 5.73163 -5.52455 54.7266 4.90147 8.22222 10 2.66086 -36.4365 4.90147 0 0 -47.2885 -67.6372 4.90147 9.33875 -0.400232 0.973712 -15.6789 4.90147 48.8283 -30.9513 23.3557 -21.4055 4.90147 35.3538 -30.8179 19.6047 -16.4971 4.90147 34.7232 32.9922 13.9524 1.56699 4.90147 -1.29346 -32.3364 -6.26215 -29.0856 4.90147 16.5798 -26.3395 16.8082 -44.0935 4.90147 9.73898 -32.2854 0.981568 -19.3536 4.90147 10.1392 -24.1473 -4.76586 -20.7922 4.90147 22.2946 32.4973 8.01715 -3.08891 4.90147 22.2946 -32.4973 5.54208 53.1973 4.90147 27.9962 0.449136 13.9019 -11.7279 4.90147 -1.7638 30.9254 9.32378 -37.0464 4.90147 47.761 21.0789 38.8376 -6.27623 4.90147 49.8952 -17.0645 21.0456 -16.2863 4.90147 27.4516 -15.2097 12.3889 -18.6683 4.90147 26.2819 -31.8852 19.6815 -70.5296 4.90147 46.1022 0.249201 -19.3067 -239.266 4.90147 42.9872 -3.61342 -16.8486 -78.0721 4.90147 49.0951 -11.3399 26.027 -22.1394 4.90147 37.6858 3.49662 7.66801 -28.2402 4.90147 36.7793 14.7635 17.1479 0.891871 4.90147 36.7793 -14.7635 18.6274 12.6727 4.90147 0.629792 31.9934 -19.6757 40.162 4.90147 17.9919 1.1129 14.1921 -7.09337 4.90147 29.4919 -3.89516 13.8063 -5.94087 4.90147 13.1694 -21.3306 5.81756 -0.119181 4.90147 44.7016 0.185484 91.8839 229.357 4.90147 28.6205 12.3029 11.675 -6.77226 4.90147 37.0383 21.1092 19.5754 -4.83141 4.90147 9.73898 32.2854 4.27309 22.3892 4.90147 
player 8 7 
Role OffensiveHalf
44 0 0 42.9055 17.4194 4.90147 44.4258 10.406 63.2275 -52.9173 4.90147 47.761 15.609 45.412 37.1304 4.90147 51.2297 15.4756 43.09 -4.0222 4.90147 45.3546 4.85942 47.9819 24.1404 4.90147 47.2236 -4.73482 54.798 125.445 4.90147 47.2691 8.80631 4.25154 45.6674 4.90147 -0.556452 -15.5806 -1.13041 -7.87723 4.90147 -0.556452 15.5806 3.38899 11.6081 4.90147 -1.7638 -25.6339 -1.05644 -20.9282 4.90147 4.11182 -5.73163 10.2266 -8.00888 4.90147 4.11182 5.73163 3.77803 4.50307 4.90147 8.22222 10 7.65408 6.62406 4.90147 0 0 -49.2871 -13.5303 4.90147 9.33875 -0.400232 13.7656 -7.98661 4.90147 48.8283 -30.9513 38.1263 -2.51698 4.90147 35.3538 -30.8179 34.031 -1.09218 4.90147 34.7232 32.9922 27.3751 10.3652 4.90147 -1.29346 -32.3364 -1.87875 7.16727 4.90147 16.5798 -26.3395 30.1372 17.1662 4.90147 9.73898 -32.2854 8.59505 -16.1984 4.90147 10.1392 -24.1473 2.41214 -20.2749 4.90147 22.2946 32.4973 20.3013 9.98005 4.90147 22.2946 -32.4973 -0.354024 -29.9105 4.90147 27.9962 0.449136 27.7215 2.19509 4.90147 -1.7638 30.9254 -2.46208 3.73268 4.90147 47.761 21.0789 28.8547 12.4296 4.90147 49.8952 -17.0645 41.0068 6.54325 4.90147 27.4516 -15.2097 24.351 4.308 4.90147 26.2819 -31.8852 42.4592 8.32534 4.90147 46.1022 0.249201 14.9852 -354.919 4.90147 42.9872 -3.61342 17.2782 -148.757 4.90147 49.0951 -11.3399 38.8908 -31.8169 4.90147 37.6858 3.49662 28.0149 2.17836 4.90147 36.7793 14.7635 18.7089 17.2622 4.90147 36.7793 -14.7635 28.0435 -5.37743 4.90147 0.629792 31.9934 5.66417 15.9531 4.90147 17.9919 1.1129 2.76897 33.9011 4.90147 29.4919 -3.89516 16.1975 -4.7167 4.90147 13.1694 -21.3306 13.6183 -12.2985 4.90147 44.7016 0.185484 61.2706 367.67 4.90147 28.6205 12.3029 24.9844 16.4858 4.90147 37.0383 21.1092 31.5003 1.07562 4.90147 9.73898 32.2854 12.0684 9.06747 4.90147 
player 9 -1 
Role SideForward
44 0 0 -25.2528 -13.5819 4.90147 44.4258 10.406 59.7705 -2.54347 4.90147 47.761 15.609 36.3049 -4.89172 4.90147 51.2297 15.4756 52.6856 -15.7464 4.90147 45.3546 4.85942 49.7847 -1.07534 4.90147 47.2236 -4.73482 46.991 -14.1309 4.90147 47.2691 8.80631 36.415 10.1267 4.90147 -0.556452 -15.5806 5.99801 -28.1055 4.90147 -0.556452 15.5806 4.29421 -20.582 4.90147 -1.7638 -25.6339 -6.43448 -32.3969 4.90147 4.11182 -5.73163 9.70111 -35.461 4.90147 4.11182 5.73163 3.66596 -23.1629 4.90147 8.22222 10 15.2792 -19.2548 4.90147 0 0 26.1725 -31.9164 4.90147 9.33875 -0.400232 11.4413 -26.4784 4.90147 48.8283 -30.9513 42.5573 -28.59 4.90147 35.3538 -30.8179 39.0798 -25.4472 4.90147 34.7232 32.9922 38.3275 -10.7503 4.90147 -1.29346 -32.3364 19.8921 -28.6668 4.90147 16.5798 -26.3395 47.876 -32.4951 4.90147 9.73898 -32.2854 19.367 -31.3286 4.90147 10.1392 -24.1473 0.175187 -27.5974 4.90147 22.2946 32.4973 25.1549 -15.9577 4.90147 22.2946 -32.4973 1.58931 -28.7645 4.90147 27.9962 0.449136 23.953 -39.4932 4.90147 -1.7638 30.9254 -6.9207 -21.3617 4.90147 47.761 21.0789 49.5113 -7.61733 4.90147 49.8952 -17.0645 42.943 -22.2305 4.90147 27.4516 -15.2097 23.7916 -24.031 4.90147 26.2819 -31.8852 39.5769 -31.2661 4.90147 46.1022 0.249201 94.4341 -40.9395 4.90147 42.9872 -3.61342 39.7687 -41.0956 4.90147 49.0951 -11.3399 48.1959 -15.679 4.90147 37.6858 3.49662 49.2004 -13.3635 4.90147 36.7793 14.7635 34.0084 -14.3833 4.90147 36.7793 -14.7635 40.0405 -27.0618 4.90147 0.629792 31.9934 25.0328 -11.9843 4.90147 17.9919 1.1129 11.5603 -23.2029 4.90147 29.4919 -3.89516 17.0217 -8.19044 4.90147 13.1694 -21.3306 7.41529 -28.5205 4.90147 44.7016 0.185484 -3.50094 45.5625 4.90147 28.6205 12.3029 30.6192 -12.4549 4.90147 37.0383 21.1092 41.2195 -9.73463 4.90147 9.73898 32.2854 14.2187 -21.7583 4.90147 
player 10 9 
Role SideForward
44 0 0 27.8932 21.9863 4.90147 44.4258 10.406 26.1192 -27.8978 4.90147 47.761 15.609 35.226 29.9642 4.90147 51.2297 15.4756 48.9776 11.0281 4.90147 45.3546 4.85942 20.8074 29.2332 4.90147 47.2236 -4.73482 46.4866 26.1574 4.90147 47.2691 8.80631 78.3426 49.4547 4.90147 -0.556452 -15.5806 6.09342 20.4616 4.90147 -0.556452 15.5806 4.00949 28.4709 4.90147 -1.7638 -25.6339 -8.72531 24.4933 4.90147 4.11182 -5.73163 10.9235 19.5503 4.90147 4.11182 5.73163 11.4437 32.6993 4.90147 8.22222 10 9.72385 31.1284 4.90147 0 0 -34.5045 29.9857 4.90147 9.33875 -0.400232 9.39 24.7598 4.90147 48.8283 -30.9513 42.901 7.81739 4.90147 35.3538 -30.8179 35.1343 18.4409 4.90147 34.7232 32.9922 38.6146 28.2039 4.90147 -1.29346 -32.3364 14.4264 15.2751 4.90147 16.5798 -26.3395 29.9759 21.6418 4.90147 9.73898 -32.2854 11.5261 22.9894 4.90147 10.1392 -24.1473 23.5366 8.39679 4.90147 22.2946 32.4973 20.5989 30.1151 4.90147 22.2946 -32.4973 25.1269 23.707 4.90147 27.9962 0.449136 24.9541 32.9706 4.90147 -1.7638 30.9254 13.8247 18.9124 4.90147 47.761 21.0789 44.4861 29.6161 4.90147 49.8952 -17.0645 46.4494 7.35083 4.90147 27.4516 -15.2097 27.6859 18.7999 4.90147 26.2819 -31.8852 24.8378 2.78861 4.90147 46.1022 0.249201 80.7319 -16.0516 4.90147 42.9872 -3.61342 37.1133 20.7134 4.90147 49.0951 -11.3399 45.8008 -12.883 4.90147 37.6858 3.49662 47.5843 21.9974 4.90147 36.7793 14.7635 37.5593 36.784 4.90147 36.7793 -14.7635 40.7183 10.0571 4.90147 0.629792 31.9934 -6.20963 42.0663 4.90147 17.9919 1.1129 10.6707 29.0015 4.90147 29.4919 -3.89516 15.1701 7.3477 4.90147 13.1694 -21.3306 -2.05681 22.3447 4.90147 44.7016 0.185484 26.6132 -9.14367 4.90147 28.6205 12.3029 32.2789 25.2999 4.90147 37.0383 21.1092 41.1618 23.9044 4.90147 9.73898 32.2854 13.1666 30.5849 4.90147 
player 11 0 
Role CenterForward
44 0 0 -4.49203 44.0392 4.90147 44.4258 10.406 42.6151 -0.81319 4.90147 47.761 15.609 56.8639 23.2219 4.90147 51.2297 15.4756 46.5627 0.182464 4.90147 45.3546 4.85942 100.2 39.6282 4.90147 47.2236 -4.73482 61.9767 -28.8693 4.90147 47.2691 8.80631 16.9303 -4.39629 4.90147 -0.556452 -15.5806 9.28056 -11.0642 4.90147 -0.556452 15.5806 9.16111 11.866 4.90147 -1.7638 -25.6339 12.2925 -14.939 4.90147 4.11182 -5.73163 10.7123 -8.34783 4.90147 4.11182 5.73163 8.90531 3.6145 4.90147 8.22222 10 16.855 13.0873 4.90147 0 0 21.9324 -41.5767 4.90147 9.33875 -0.400232 24.2112 -2.34638 4.90147 48.8283 -30.9513 42.8591 -13.6772 4.90147 35.3538 -30.8179 35.8022 -10.9902 4.90147 34.7232 32.9922 38.5755 13.0474 4.90147 -1.29346 -32.3364 12.1569 -20.2095 4.90147 16.5798 -26.3395 36.1216 -21.4014 4.90147 9.73898 -32.2854 18.5765 -17.8094 4.90147 10.1392 -24.1473 10.4933 -26.2885 4.90147 22.2946 32.4973 28.0561 16.5722 4.90147 22.2946 -32.4973 15.4159 -19.7341 4.90147 27.9962 0.449136 31.882 6.23833 4.90147 -1.7638 30.9254 -7.85441 13.0065 4.90147 47.761 21.0789 34.4884 3.17288 4.90147 49.8952 -17.0645 46.7177 -9.53429 4.90147 27.4516 -15.2097 30.5774 -9.55619 4.90147 26.2819 -31.8852 43.9835 -10.8105 4.90147 46.1022 0.249201 56.0642 64.163 4.90147 42.9872 -3.61342 54.8881 18.7267 4.90147 49.0951 -11.3399 39.1086 -1.62975 4.90147 37.6858 3.49662 29.6257 5.14761 4.90147 36.7793 14.7635 37.0416 7.09427 4.90147 36.7793 -14.7635 38.4495 -9.11058 4.90147 0.629792 31.9934 29.8471 17.1206 4.90147 17.9919 1.1129 22.5051 -0.752901 4.90147 29.4919 -3.89516 29.8911 -7.86789 4.90147 13.1694 -21.3306 18.4421 -0.933387 4.90147 44.7016 0.185484 -25.0277 -82.3691 4.90147 28.6205 12.3029 30.2333 7.27925 4.90147 37.0383 21.1092 38.6236 14.8804 4.90147 9.73898 32.2854 18.1767 19.7179 4.90147 
End
